   3.9990000e-00
   3.2990000e-00
   3.6900000e-00
   2.3200000e-00
   5.3990000e-00
   2.9990000e-00
   3.1490000e-00
   1.9899900e-00
   2.1200000e-00
   2.4250000e-00
   2.3999900e-00
   3.4700000e-00
   3.2999900e-00
   6.9990000e-00
   2.5990000e-00
   4.4990000e-00
   2.9990000e-00
   1.9990000e-00
   4.9999800e-00
   5.9900000e-00
   2.5290000e-00
   2.5500000e-00
   2.4290000e-00
   2.5990000e-00
   5.7390000e-00
   2.4990000e-00
   4.6450000e-00
   4.6900000e-00
   4.7500000e-00
   2.9990000e-00
   3.4990000e-00
   1.6990000e-00
   3.1490000e-00
   5.7990000e-00
   2.8590000e-00
   2.4990000e-00
   2.2990000e-00
   3.4500000e-00
   5.4900000e-00
   2.8700000e-00
   3.6850000e-00
   3.2990000e-00
   3.1400000e-00
   2.9900000e-00
   1.7990000e-00
   2.9990000e-00
   2.3950000e-00
   3.2180000e-00
   2.2140000e-00
   2.4980000e-00